450, DEGREES [1, 1, 1] SCORE: 18.257594033373152
500, DEGREES [1, 1, 1] SCORE: 31.009192684007335
550, DEGREES [1, 1, 1] SCORE: 16.705247148029574
600, DEGREES [1, 1, 1] SCORE: 13.072813366694687
450, DEGREES [1, 1, 2] SCORE: 123.57896422162372
500, DEGREES [1, 1, 2] SCORE: 33.00303975946427
550, DEGREES [1, 1, 2] SCORE: 20.451657344578667
600, DEGREES [1, 1, 2] SCORE: 13.36227083325565
450, DEGREES [1, 1, 3] SCORE: 19.295089171088687
500, DEGREES [1, 1, 3] SCORE: 30.930369233307594
550, DEGREES [1, 1, 3] SCORE: 17.222507302216563
600, DEGREES [1, 1, 3] SCORE: 13.139886703768408
450, DEGREES [1, 2, 1] SCORE: 13.970340786162629
500, DEGREES [1, 2, 1] SCORE: 32.06192205868169
550, DEGREES [1, 2, 1] SCORE: 8.066790363446255
600, DEGREES [1, 2, 1] SCORE: 6.005726764911647
450, DEGREES [1, 2, 2] SCORE: 119.2917109744132
500, DEGREES [1, 2, 2] SCORE: 34.055769134138636
550, DEGREES [1, 2, 2] SCORE: 11.813200559995348
600, DEGREES [1, 2, 2] SCORE: 6.295184231472613
450, DEGREES [1, 2, 3] SCORE: 15.007835923878183
500, DEGREES [1, 2, 3] SCORE: 31.98309860798194
550, DEGREES [1, 2, 3] SCORE: 8.584050517633239
600, DEGREES [1, 2, 3] SCORE: 6.0728001019853695
450, DEGREES [1, 3, 1] SCORE: 54.578061765956186
500, DEGREES [1, 3, 1] SCORE: 81.51364453471668
550, DEGREES [1, 3, 1] SCORE: 15.951384990764097
600, DEGREES [1, 3, 1] SCORE: 7.563129605889518
450, DEGREES [1, 3, 2] SCORE: 159.89943195420685
500, DEGREES [1, 3, 2] SCORE: 83.50749161017359
550, DEGREES [1, 3, 2] SCORE: 19.69779518731319
600, DEGREES [1, 3, 2] SCORE: 7.852587072450487
450, DEGREES [1, 3, 3] SCORE: 55.615556903671745
500, DEGREES [1, 3, 3] SCORE: 81.43482108401696
550, DEGREES [1, 3, 3] SCORE: 16.468645144951072
600, DEGREES [1, 3, 3] SCORE: 7.630202942963241
450, DEGREES [2, 1, 1] SCORE: 20.6650073714363
500, DEGREES [2, 1, 1] SCORE: 45.14091352006621
550, DEGREES [2, 1, 1] SCORE: 23.34269520215372
600, DEGREES [2, 1, 1] SCORE: 16.342450201741222
450, DEGREES [2, 1, 2] SCORE: 125.98637755968687
500, DEGREES [2, 1, 2] SCORE: 47.13476059552314
550, DEGREES [2, 1, 2] SCORE: 27.089105398702806
600, DEGREES [2, 1, 2] SCORE: 16.631907668302183
450, DEGREES [2, 1, 3] SCORE: 21.70250250915185
500, DEGREES [2, 1, 3] SCORE: 45.062090069366455
550, DEGREES [2, 1, 3] SCORE: 23.859955356340706
600, DEGREES [2, 1, 3] SCORE: 16.40952353881493
450, DEGREES [2, 2, 1] SCORE: 16.37775412422578
500, DEGREES [2, 2, 1] SCORE: 46.19364289474055
550, DEGREES [2, 2, 1] SCORE: 14.704238417570393
600, DEGREES [2, 2, 1] SCORE: 9.275363599958183
450, DEGREES [2, 2, 2] SCORE: 121.69912431247633
500, DEGREES [2, 2, 2] SCORE: 48.18748997019748
550, DEGREES [2, 2, 2] SCORE: 18.450648614119494
600, DEGREES [2, 2, 2] SCORE: 9.564821066519146
450, DEGREES [2, 2, 3] SCORE: 17.41524926194133
500, DEGREES [2, 2, 3] SCORE: 46.1148194440408
550, DEGREES [2, 2, 3] SCORE: 15.221498571757381
600, DEGREES [2, 2, 3] SCORE: 9.342436937031906
450, DEGREES [2, 3, 1] SCORE: 56.98547510401934
500, DEGREES [2, 3, 1] SCORE: 95.64536537077554
550, DEGREES [2, 3, 1] SCORE: 22.588833044888233
600, DEGREES [2, 3, 1] SCORE: 10.832766440936059
450, DEGREES [2, 3, 2] SCORE: 162.3068452922699
500, DEGREES [2, 3, 2] SCORE: 97.63921244623242
550, DEGREES [2, 3, 2] SCORE: 26.335243241437325
600, DEGREES [2, 3, 2] SCORE: 11.122223907497013
450, DEGREES [2, 3, 3] SCORE: 58.02297024173494
500, DEGREES [2, 3, 3] SCORE: 95.56654192007579
550, DEGREES [2, 3, 3] SCORE: 23.10609319907521
600, DEGREES [2, 3, 3] SCORE: 10.899839778009769
450, DEGREES [3, 1, 1] SCORE: 18.49011378049086
500, DEGREES [3, 1, 1] SCORE: 34.799403012266644
550, DEGREES [3, 1, 1] SCORE: 17.870817233268184
600, DEGREES [3, 1, 1] SCORE: 13.326033442326272
450, DEGREES [3, 1, 2] SCORE: 123.8114839687414
500, DEGREES [3, 1, 2] SCORE: 36.79325008772358
550, DEGREES [3, 1, 2] SCORE: 21.617227429817266
600, DEGREES [3, 1, 2] SCORE: 13.61549090888724
450, DEGREES [3, 1, 3] SCORE: 19.5276089182064
500, DEGREES [3, 1, 3] SCORE: 34.720579561566886
550, DEGREES [3, 1, 3] SCORE: 18.38807738745517
600, DEGREES [3, 1, 3] SCORE: 13.393106779399991
450, DEGREES [3, 2, 1] SCORE: 14.202860533280338
500, DEGREES [3, 2, 1] SCORE: 35.85213238694101
550, DEGREES [3, 2, 1] SCORE: 9.232360448684851
600, DEGREES [3, 2, 1] SCORE: 6.258946840543239
450, DEGREES [3, 2, 2] SCORE: 119.52423072153091
500, DEGREES [3, 2, 2] SCORE: 37.845979462397935
550, DEGREES [3, 2, 2] SCORE: 12.97877064523395
600, DEGREES [3, 2, 2] SCORE: 6.548404307104206
450, DEGREES [3, 2, 3] SCORE: 15.240355670995882
500, DEGREES [3, 2, 3] SCORE: 35.77330893624126
550, DEGREES [3, 2, 3] SCORE: 9.749620602871842
600, DEGREES [3, 2, 3] SCORE: 6.326020177616958
450, DEGREES [3, 3, 1] SCORE: 54.81058151307387
500, DEGREES [3, 3, 1] SCORE: 85.30385486297598
550, DEGREES [3, 3, 1] SCORE: 17.116955076002693
600, DEGREES [3, 3, 1] SCORE: 7.816349681521108
450, DEGREES [3, 3, 2] SCORE: 160.13195170132448
500, DEGREES [3, 3, 2] SCORE: 87.2977019384329
550, DEGREES [3, 3, 2] SCORE: 20.863365272551796
600, DEGREES [3, 3, 2] SCORE: 8.105807148082071
450, DEGREES [3, 3, 3] SCORE: 55.84807665078945
500, DEGREES [3, 3, 3] SCORE: 85.22503141227622
550, DEGREES [3, 3, 3] SCORE: 17.63421523018968
600, DEGREES [3, 3, 3] SCORE: 7.883423018594826
MIN SCORE: 6.005726764911647 DEGREES: [1, 2, 1]
